<svg id="b45f62ba-6b39-46dc-b9f3-bbdb96e74673" data-name="Layer 1" xmlns="http://www.w3.org/2000/svg" width="283.22" height="43.36" viewBox="0 0 283.22 43.36">
  <defs>
    <style>
      .a9d6e549-39d5-4b8f-98c8-f68cd307f943 {
        fill: #c7fb74;
      }

      .f440293b-be6e-4075-8207-6380bee356c9 {
        fill: #fff;
      }

      .a0e63d63-3e7b-4eae-a9fc-bd1dabcece8b {
        fill: #090909;
      }
    </style>
  </defs>
  <rect class="a9d6e549-39d5-4b8f-98c8-f68cd307f943" width="86.87" height="43.05"/>
  <g>
    <path class="f440293b-be6e-4075-8207-6380bee356c9" d="M908.27,538.32v-5.11h4.57v-2.14a8.31,8.31,0,0,1,2.31-6.07q2.31-2.37,7-2.37c.68,0,1.36,0,2,.08s1.34.1,2,.14v5.69a23,23,0,0,0-2.79-.16,2.89,2.89,0,0,0-2.23.73,3.53,3.53,0,0,0-.67,2.44v1.66h5.26v5.11h-5.26V561h-7.63V538.32Z" transform="translate(-818.39 -518.32)"/>
    <path class="f440293b-be6e-4075-8207-6380bee356c9" d="M936.36,554.32a7.8,7.8,0,0,0,8.92.51,4.78,4.78,0,0,0,2-2.44H954q-1.62,5-4.95,7.14a14.46,14.46,0,0,1-8.05,2.15,15.8,15.8,0,0,1-5.91-1,12.15,12.15,0,0,1-4.46-3,13.36,13.36,0,0,1-2.82-4.62,17,17,0,0,1-1-5.9,16.28,16.28,0,0,1,1-5.81,13.46,13.46,0,0,1,7.38-7.73,14.43,14.43,0,0,1,5.78-1.13,13.21,13.21,0,0,1,6.17,1.37,12.39,12.39,0,0,1,4.33,3.68,15.11,15.11,0,0,1,2.44,5.26,19.76,19.76,0,0,1,.54,6.18h-20Q934.65,552.66,936.36,554.32ZM945,539.71a5.36,5.36,0,0,0-4.16-1.5,6.61,6.61,0,0,0-3,.62,5.79,5.79,0,0,0-1.94,1.53,5.72,5.72,0,0,0-1,1.93,9.54,9.54,0,0,0-.35,1.83h12.41A8.8,8.8,0,0,0,945,539.71Z" transform="translate(-818.39 -518.32)"/>
    <path class="f440293b-be6e-4075-8207-6380bee356c9" d="M964.59,554.08a4.47,4.47,0,0,0,1.31,1.45,5.43,5.43,0,0,0,1.86.83,8.66,8.66,0,0,0,2.17.27,7.82,7.82,0,0,0,1.69-.19,5.58,5.58,0,0,0,1.62-.59,3.52,3.52,0,0,0,1.2-1.07,2.77,2.77,0,0,0,.49-1.69c0-1.15-.76-2-2.29-2.58a45.45,45.45,0,0,0-6.36-1.72c-1.11-.25-2.19-.55-3.25-.89a10.82,10.82,0,0,1-2.82-1.34,6.51,6.51,0,0,1-2-2.09,5.94,5.94,0,0,1-.75-3.09,8.37,8.37,0,0,1,1-4.41,7.73,7.73,0,0,1,2.77-2.71,11.9,11.9,0,0,1,3.86-1.39,23.72,23.72,0,0,1,4.41-.41,22.41,22.41,0,0,1,4.37.43,11.64,11.64,0,0,1,3.79,1.45,8.84,8.84,0,0,1,2.77,2.71,9.16,9.16,0,0,1,1.31,4.27h-7.25a3.35,3.35,0,0,0-1.66-3,7.77,7.77,0,0,0-3.55-.78,11.68,11.68,0,0,0-1.39.09,4.75,4.75,0,0,0-1.37.34,2.73,2.73,0,0,0-1.05.78,2,2,0,0,0-.43,1.37,2.1,2.1,0,0,0,.75,1.67,5.86,5.86,0,0,0,2,1.05,25.64,25.64,0,0,0,2.77.72c1,.22,2.09.45,3.17.7a31.82,31.82,0,0,1,3.25.91,10.68,10.68,0,0,1,2.82,1.43,6.84,6.84,0,0,1,2,2.2,6.46,6.46,0,0,1,.76,3.25,8.47,8.47,0,0,1-4,7.57,11.67,11.67,0,0,1-4.06,1.58,23.59,23.59,0,0,1-9.37,0,12.47,12.47,0,0,1-4.11-1.61,8.84,8.84,0,0,1-4.21-7.63h7.25A4.19,4.19,0,0,0,964.59,554.08Z" transform="translate(-818.39 -518.32)"/>
    <path class="f440293b-be6e-4075-8207-6380bee356c9" d="M1001.41,533.21v5.11h-5.59v13.75a2.59,2.59,0,0,0,3.22,3.22c.43,0,.84,0,1.24,0a9.89,9.89,0,0,0,1.13-.17V561a18.54,18.54,0,0,1-2.15.22c-.79,0-1.56,0-2.31,0a22.51,22.51,0,0,1-3.36-.24,7.79,7.79,0,0,1-2.79-.94,5,5,0,0,1-1.91-2,7.14,7.14,0,0,1-.7-3.38V538.32h-4.62v-5.11h4.62v-8.32h7.63v8.32Z" transform="translate(-818.39 -518.32)"/>
    <path class="f440293b-be6e-4075-8207-6380bee356c9" d="M1004.41,524.92v-6.29H1012v6.29Zm7.63,8.29V561h-7.63V533.21Z" transform="translate(-818.39 -518.32)"/>
    <path class="f440293b-be6e-4075-8207-6380bee356c9" d="M1024.07,561l-9.51-27.77h8l5.85,19h.11l5.85-19H1042l-9.4,27.77Z" transform="translate(-818.39 -518.32)"/>
    <path class="f440293b-be6e-4075-8207-6380bee356c9" d="M1043.94,541.75a8.83,8.83,0,0,1,1.35-4.45,9.08,9.08,0,0,1,3-2.85,13,13,0,0,1,4.11-1.53,23.76,23.76,0,0,1,4.6-.46,30.66,30.66,0,0,1,4.24.3,13.15,13.15,0,0,1,3.92,1.15,7.79,7.79,0,0,1,2.9,2.39,6.71,6.71,0,0,1,1.13,4.06v14.45a29.5,29.5,0,0,0,.21,3.59,6.73,6.73,0,0,0,.75,2.58h-7.73a12.05,12.05,0,0,1-.35-1.31,12.54,12.54,0,0,1-.19-1.37,9.93,9.93,0,0,1-4.29,2.63,17.3,17.3,0,0,1-5,.75,13.76,13.76,0,0,1-3.71-.48,8.45,8.45,0,0,1-3-1.51,7,7,0,0,1-2-2.57,8.8,8.8,0,0,1-.73-3.71,8,8,0,0,1,.84-3.89,7,7,0,0,1,2.14-2.45,9.75,9.75,0,0,1,3-1.37,33.91,33.91,0,0,1,3.41-.72c1.15-.18,2.28-.33,3.39-.43a19.9,19.9,0,0,0,3-.49,5,5,0,0,0,2-.94,2.05,2.05,0,0,0,.7-1.8,4.06,4.06,0,0,0-.4-2,2.91,2.91,0,0,0-1.08-1.12,4.13,4.13,0,0,0-1.55-.54,12.79,12.79,0,0,0-1.91-.14,5.84,5.84,0,0,0-3.55,1,4.35,4.35,0,0,0-1.5,3.22Zm17.62,5.64a3.45,3.45,0,0,1-1.21.68,12.66,12.66,0,0,1-1.56.4q-.82.16-1.74.27t-1.83.27a12.69,12.69,0,0,0-1.69.43,4.92,4.92,0,0,0-1.45.72,3.54,3.54,0,0,0-1,1.15,3.75,3.75,0,0,0-.38,1.78,3.61,3.61,0,0,0,.38,1.72,2.92,2.92,0,0,0,1,1.1,4.33,4.33,0,0,0,1.5.56,9.32,9.32,0,0,0,1.77.16,6.79,6.79,0,0,0,3.5-.75,5,5,0,0,0,1.82-1.8,5.65,5.65,0,0,0,.73-2.12,16.85,16.85,0,0,0,.13-1.72Z" transform="translate(-818.39 -518.32)"/>
    <path class="f440293b-be6e-4075-8207-6380bee356c9" d="M1082.08,518.63V561h-7.63V518.63Z" transform="translate(-818.39 -518.32)"/>
    <rect class="f440293b-be6e-4075-8207-6380bee356c9" x="267.93" y="36.94" width="15.29" height="5.32"/>
  </g>
  <g>
    <path class="a0e63d63-3e7b-4eae-a9fc-bd1dabcece8b" d="M840.56,533.33v5.1H835v13.75a2.58,2.58,0,0,0,3.22,3.23,12.41,12.41,0,0,0,1.24-.06,9.92,9.92,0,0,0,1.13-.16v5.91a16.85,16.85,0,0,1-2.15.21q-1.18.06-2.31.06a21.23,21.23,0,0,1-3.36-.25,7.92,7.92,0,0,1-2.79-.93,5,5,0,0,1-1.91-2,7.18,7.18,0,0,1-.7-3.39V538.43h-4.62v-5.1h4.62V525H835v8.33Z" transform="translate(-818.39 -518.32)"/>
    <path class="a0e63d63-3e7b-4eae-a9fc-bd1dabcece8b" d="M852,522.63v14.6h.16a8.83,8.83,0,0,1,3.7-3.56,10,10,0,0,1,4.41-1.11,12.85,12.85,0,0,1,5,.84,7.45,7.45,0,0,1,3.09,2.33,9.08,9.08,0,0,1,1.58,3.64,22.45,22.45,0,0,1,.46,4.75v17.25h-7.63V545.53a9.94,9.94,0,0,0-1.07-5.18,4.16,4.16,0,0,0-3.82-1.71,5.26,5.26,0,0,0-4.51,1.87q-1.39,1.88-1.39,6.16v14.7h-7.63V522.63Z" transform="translate(-818.39 -518.32)"/>
    <path class="a0e63d63-3e7b-4eae-a9fc-bd1dabcece8b" d="M882.5,554a7.85,7.85,0,0,0,8.92.51,4.79,4.79,0,0,0,2-2.45h6.71a12.77,12.77,0,0,1-4.94,7.15,14.54,14.54,0,0,1-8.05,2.14,16,16,0,0,1-5.91-1,12.28,12.28,0,0,1-4.46-3A13.36,13.36,0,0,1,874,552.7a17,17,0,0,1-1-5.91,16.18,16.18,0,0,1,1-5.8,13.55,13.55,0,0,1,2.9-4.65,13.79,13.79,0,0,1,4.48-3.09,14.43,14.43,0,0,1,5.78-1.12,13.09,13.09,0,0,1,6.17,1.37,12.36,12.36,0,0,1,4.33,3.67,15.26,15.26,0,0,1,2.44,5.27,19.72,19.72,0,0,1,.54,6.17h-20Q880.79,552.33,882.5,554Zm8.62-14.61a5.32,5.32,0,0,0-4.16-1.51,6.61,6.61,0,0,0-3,.62,5.62,5.62,0,0,0-3,3.46,9,9,0,0,0-.35,1.83H893A8.76,8.76,0,0,0,891.12,539.38Z" transform="translate(-818.39 -518.32)"/>
  </g>
</svg>
