<svg id="Tab_Content_-_Stage_Date_and_Location" data-name="Tab Content - Stage Date and Location" xmlns="http://www.w3.org/2000/svg" width="347.25" height="365.938" viewBox="0 0 347.25 365.938">
  <defs>
    <style>
      .cls-1 {
        fill: none;
        stroke: #c7fb74;
        stroke-width: 5px;
        stroke-dasharray: 20 10;
      }

      .cls-1, .cls-2, .cls-3 {
        fill-rule: evenodd;
      }

      .cls-2 {
        fill: #fff;
      }

      .cls-3 {
        fill: #009fb7;
      }
    </style>
  </defs>
  <path id="Shape_-_Background" data-name="Shape - Background" class="cls-1" d="M1735.8,367.255l-14.24,14.193m63.11-62.911-26.17,26.09m-18.18-22.939-98.55,98.239M1790.58,271.6l-19.99,19.921m-101.1,59.719-86.72,86.442m217.57-216.866-92.47,92.167m19.97-60.964L1574.78,404.589m216.35-215.661-32.39,32.3M1601.47,336.929L1564.68,373.6M1827.8,111.322L1640.16,298.36m37.13-78.071-183.3,182.718m264.27-263.423-42.59,42.448m-73.95,32.659L1523.3,332.73M1762.61,94.19l-87.5,87.219m-131.06,89.58-61.85,61.654m226.94-226.212L1588.99,226.2m14.97-55.987L1520.41,253.5M1699.22,75.263l-62.49,62.29m-107.03,65.63-32.51,32.4M1649.22,84.041l-82.39,82.127m-20.24-20.878-19.97,19.9m55.04-54.86-13.78,13.731" transform="translate(-1482.31 -73.5)"/>
  <path id="City" class="cls-2" d="M1517.41,305.037v-7.15h-27.28v7.7h16.5l-16.5,23.76v7.15h27.28v-7.7H1500.8Zm22.69,0.77v16.665a6.75,6.75,0,0,1-1.6,4.785,5.649,5.649,0,0,1-4.34,1.7,5.582,5.582,0,0,1-4.29-1.7,6.705,6.705,0,0,1-1.6-4.785V305.807h-9.35v17.93a15.44,15.44,0,0,0,1.49,6.985,10.55,10.55,0,0,0,4.18,4.538,12.09,12.09,0,0,0,6.21,1.567,11.838,11.838,0,0,0,5.42-1.237,10.393,10.393,0,0,0,3.88-3.273v4.18h9.4v-30.69h-9.4Zm-11.28-3.41a3.98,3.98,0,0,0,2.89-1.155,3.829,3.829,0,0,0,1.18-2.86,3.942,3.942,0,0,0-4.07-4.07,3.835,3.835,0,0,0-2.86,1.183,3.973,3.973,0,0,0-1.15,2.887,3.937,3.937,0,0,0,4.01,4.015h0Zm11,0a3.98,3.98,0,0,0,2.89-1.155,3.829,3.829,0,0,0,1.18-2.86,3.942,3.942,0,0,0-4.07-4.07,3.835,3.835,0,0,0-2.86,1.183,3.973,3.973,0,0,0-1.15,2.887,3.937,3.937,0,0,0,4.01,4.015h0Zm21.72,8.525v-5.115h-9.41V336.5h9.41V322.252c0-2.53.58-4.3,1.76-5.307a7.914,7.914,0,0,1,5.28-1.513h2.58v-9.955a10.661,10.661,0,0,0-5.5,1.458,12.4,12.4,0,0,0-4.12,3.987h0Zm14.65-8.305a5.6,5.6,0,0,0,3.98-1.457,4.708,4.708,0,0,0,1.57-3.6,4.77,4.77,0,0,0-1.57-3.657,5.607,5.607,0,0,0-3.98-1.458,5.731,5.731,0,0,0-4.05,1.458,4.8,4.8,0,0,0-1.56,3.657,4.733,4.733,0,0,0,1.56,3.6,5.726,5.726,0,0,0,4.05,1.457h0Zm-4.73,3.19V336.5h9.4v-30.69h-9.4Zm9.89,15.345a17.19,17.19,0,0,0,1.95,8.36,13.584,13.584,0,0,0,5.44,5.5,16.321,16.321,0,0,0,8.01,1.925,15.042,15.042,0,0,0,9.62-3.08,14.444,14.444,0,0,0,5.12-8.47h-10.01a4.828,4.828,0,0,1-4.9,3.52,4.918,4.918,0,0,1-4.12-2.007,11.5,11.5,0,0,1,0-11.5,4.922,4.922,0,0,1,4.12-2.008,4.829,4.829,0,0,1,4.9,3.52h10.01a14.319,14.319,0,0,0-5.09-8.525,15.222,15.222,0,0,0-9.65-3.025,16.332,16.332,0,0,0-8.01,1.925,13.6,13.6,0,0,0-5.44,5.5,17.193,17.193,0,0,0-1.95,8.36h0Zm49.89-15.675a12.491,12.491,0,0,0-5.56,1.21,10.021,10.021,0,0,0-3.9,3.245V295.8h-9.41v40.7h9.41V319.832a6.75,6.75,0,0,1,1.59-4.785,6.25,6.25,0,0,1,8.58,0,6.708,6.708,0,0,1,1.6,4.785V336.5h9.35v-17.93q0-6.105-3.19-9.6a10.925,10.925,0,0,0-8.47-3.493h0Z" transform="translate(-1482.31 -73.5)"/>
  <path id="Location" class="cls-2" d="M1519.43,250.063a14.519,14.519,0,0,0,6.7-4.6,12.057,12.057,0,0,0,2.5-7.8,12.809,12.809,0,0,0-2.03-7.059,13.947,13.947,0,0,0-6-5.031,22.237,22.237,0,0,0-9.52-1.872h-20.67v54.21h21.68a21.9,21.9,0,0,0,9.44-1.911,14.551,14.551,0,0,0,6.2-5.226,13.418,13.418,0,0,0,2.15-7.449,13.577,13.577,0,0,0-3.04-8.658,12,12,0,0,0-7.41-4.6h0Zm-20.13-19.11h11a10.268,10.268,0,0,1,6.82,2.067,7.082,7.082,0,0,1,2.46,5.733,6.944,6.944,0,0,1-2.46,5.733,10.539,10.539,0,0,1-6.82,1.989h-11V230.953Zm12.01,39.7H1499.3V253.729H1511a10.791,10.791,0,0,1,7.26,2.34,7.893,7.893,0,0,1,2.73,6.318,7.536,7.536,0,0,1-2.58,6.084,10.618,10.618,0,0,1-7.1,2.184h0Zm51.76-35.724v23.946q0,5.773-2.93,8.853a10.39,10.39,0,0,1-7.91,3.081,10.263,10.263,0,0,1-7.88-3.081q-2.895-3.081-2.89-8.853V234.931h-8.81V260.2a20.177,20.177,0,0,0,2.3,9.984,15.179,15.179,0,0,0,6.32,6.24,19.222,19.222,0,0,0,9.08,2.106,17.447,17.447,0,0,0,7.22-1.521,14.457,14.457,0,0,0,5.5-4.173v5.07h8.89V234.931h-8.89Zm-17.24-5.382a4.68,4.68,0,1,0,0-9.36,4.68,4.68,0,1,0,0,9.36h0Zm13.42,0a4.652,4.652,0,1,0-3.32-1.365,4.5,4.5,0,0,0,3.32,1.365h0Zm25.31,11.622v-6.24h-8.89v42.978h8.89v-22.62q0-6.552,2.69-9.2t7.92-2.652h2.26v-9.2a15.3,15.3,0,0,0-7.68,1.833,13.958,13.958,0,0,0-5.19,5.109h0Zm51.16-6.24H1623.4l-15.6,18.8v-33.54h-8.9v57.72h8.9V259.423l15.91,18.486h12.01l-19.81-21.45Zm0.96-14.742v57.72h8.9v-57.72h-8.9Zm18.07,9.048a5.417,5.417,0,0,0,3.98-1.638,5.836,5.836,0,0,0,0-8.112,5.417,5.417,0,0,0-3.98-1.638,5.694,5.694,0,1,0,0,11.388h0Zm-4.52,5.694v42.978h8.89V234.931h-8.89Zm22.43,6.318v-6.318h-8.89v63.414h8.89V271.669a19.52,19.52,0,0,0,6.24,4.953,18.658,18.658,0,0,0,8.74,1.989,19.2,19.2,0,0,0,10.25-2.847,19.807,19.807,0,0,0,7.3-7.956,24.86,24.86,0,0,0,2.65-11.583,24.162,24.162,0,0,0-2.65-11.466,19.51,19.51,0,0,0-17.55-10.53,18.832,18.832,0,0,0-8.82,2.028,18.093,18.093,0,0,0-6.16,4.992h0Zm26.13,14.976a16.028,16.028,0,0,1-1.83,7.8,13.011,13.011,0,0,1-4.84,5.109,12.65,12.65,0,0,1-12.79.039,12.709,12.709,0,0,1-4.84-5.031,15.806,15.806,0,0,1-1.83-7.761,15.583,15.583,0,0,1,1.83-7.722,12.786,12.786,0,0,1,4.84-4.992,12.623,12.623,0,0,1,6.36-1.716,12.988,12.988,0,0,1,6.43,1.677,12.652,12.652,0,0,1,4.84,4.914,15.362,15.362,0,0,1,1.83,7.683h0Zm12.45-36.036v57.72h8.9v-57.72h-8.9Zm10.58,36.036a24.516,24.516,0,0,0,2.69,11.583,20.236,20.236,0,0,0,7.3,7.956,19.938,19.938,0,0,0,19.03.819,17.67,17.67,0,0,0,6.16-5.07v6.4h8.97V234.931H1757v6.24a17.927,17.927,0,0,0-6.05-4.953,18.743,18.743,0,0,0-8.85-1.989,19.6,19.6,0,0,0-17.59,10.53,23.83,23.83,0,0,0-2.69,11.466h0Zm35.18,0.156a15.806,15.806,0,0,1-1.83,7.761,12.893,12.893,0,0,1-4.8,5.031,12.57,12.57,0,0,1-6.4,1.716,12.39,12.39,0,0,1-6.35-1.755,12.873,12.873,0,0,1-4.84-5.109,16.028,16.028,0,0,1-1.83-7.8,15.362,15.362,0,0,1,1.83-7.683,12.794,12.794,0,0,1,17.59-4.875,12.973,12.973,0,0,1,4.8,4.992,15.583,15.583,0,0,1,1.83,7.722h0Zm36.09-14.2v-7.254h-10.45V224.245h-8.97v10.686h-5.07v7.254h5.07v23.79q0,6.318,3.19,9.126c2.14,1.872,5.2,2.808,9.21,2.808h7.02V270.5h-5.46a5.613,5.613,0,0,1-3.86-1.053,4.543,4.543,0,0,1-1.13-3.471v-23.79h10.45Zm29.79,0v-7.254h-29.8v7.254h19.58l-19.58,28.47v7.254h29.8v-7.254h-19.5Z" transform="translate(-1482.31 -73.5)"/>
  <path id="Date" class="cls-3" d="M1486.83,199.611V203.6h23.33v-4.56h-15.22l2.16-1.92q3.75-3.312,6.17-5.832a26.719,26.719,0,0,0,4.18-5.712,13.61,13.61,0,0,0,1.75-6.648,10.231,10.231,0,0,0-2.95-7.68q-2.955-2.88-8.19-2.88a11.324,11.324,0,0,0-7.99,2.9q-3.135,2.9-3.29,8.376h5.28a7.526,7.526,0,0,1,1.66-4.824,5.493,5.493,0,0,1,4.39-1.8,5.3,5.3,0,0,1,4.3,1.632,6.826,6.826,0,0,1,1.37,4.512,10.324,10.324,0,0,1-1.78,5.568,29.189,29.189,0,0,1-4.44,5.352q-2.67,2.568-7.27,6.552Zm41.53-2.832v7.3h5.37v-7.3h4.47v-4.752h-4.47V169.515h-6.62l-16.13,23.136v4.128h17.38Zm0.24-4.752h-11.33l11.33-16.944v16.944Zm13.39,12.384a3.334,3.334,0,0,0,2.45-1.008,3.589,3.589,0,0,0,0-4.992,3.334,3.334,0,0,0-2.45-1.008,3.5,3.5,0,1,0,0,7.008h0Zm12.89-4.8V203.6h23.33v-4.56h-15.22l2.16-1.92q3.75-3.312,6.17-5.832a26.719,26.719,0,0,0,4.18-5.712,13.72,13.72,0,0,0,1.75-6.648,10.269,10.269,0,0,0-2.95-7.68q-2.955-2.88-8.19-2.88a11.324,11.324,0,0,0-7.99,2.9c-2.1,1.936-3.19,4.728-3.29,8.376h5.28a7.526,7.526,0,0,1,1.66-4.824,5.493,5.493,0,0,1,4.39-1.8,5.318,5.318,0,0,1,4.3,1.632,6.824,6.824,0,0,1,1.36,4.512,10.309,10.309,0,0,1-1.77,5.568,30.021,30.021,0,0,1-4.44,5.352q-2.67,2.568-7.27,6.552Zm47.38-30.624h-21.12V189.2h5.18a6.6,6.6,0,0,1,2.33-3.192,6.518,6.518,0,0,1,3.96-1.176,6.634,6.634,0,0,1,5.09,1.848,7.491,7.491,0,0,1,1.73,5.3,8.3,8.3,0,0,1-1.71,5.472,6.236,6.236,0,0,1-5.11,2.064,7.592,7.592,0,0,1-4.56-1.32,5.906,5.906,0,0,1-2.35-3.576h-5.33a10.517,10.517,0,0,0,3.79,6.864,14.839,14.839,0,0,0,15.05,1.008,10.149,10.149,0,0,0,4.08-4.344,14.057,14.057,0,0,0,1.37-6.312,14.563,14.563,0,0,0-1.08-5.568,9.68,9.68,0,0,0-3.6-4.368,11.349,11.349,0,0,0-6.55-1.728,10.08,10.08,0,0,0-4.25.912,7.573,7.573,0,0,0-3,2.256v-9.552h16.08v-4.8Zm7.78,35.424a3.334,3.334,0,0,0,2.45-1.008,3.589,3.589,0,0,0,0-4.992,3.334,3.334,0,0,0-2.45-1.008,3.5,3.5,0,1,0,0,7.008h0Zm12.89-4.8V203.6h23.33v-4.56h-15.22l2.16-1.92q3.75-3.312,6.17-5.832a26.679,26.679,0,0,0,4.17-5.712,13.622,13.622,0,0,0,1.76-6.648,10.238,10.238,0,0,0-2.96-7.68q-2.94-2.88-8.18-2.88a11.307,11.307,0,0,0-7.99,2.9c-2.1,1.936-3.19,4.728-3.29,8.376h5.28a7.47,7.47,0,0,1,1.66-4.824,5.493,5.493,0,0,1,4.39-1.8,5.282,5.282,0,0,1,4.29,1.632,6.772,6.772,0,0,1,1.37,4.512,10.309,10.309,0,0,1-1.77,5.568,30.021,30.021,0,0,1-4.44,5.352q-2.67,2.568-7.28,6.552Zm43.63-22.416h5.04a10.269,10.269,0,0,0-3.24-6.384,10.6,10.6,0,0,0-7.56-2.592q-12.375,0-12.38,17.568a36.763,36.763,0,0,0,1.13,9.936,11.5,11.5,0,0,0,3.93,6.168c1.87,1.456,4.46,2.184,7.75,2.184a12.139,12.139,0,0,0,6.24-1.512,9.794,9.794,0,0,0,3.92-4.152,14.488,14.488,0,0,0-.05-12.192,9.559,9.559,0,0,0-3.79-3.96,11.2,11.2,0,0,0-5.6-1.368,11.825,11.825,0,0,0-5.18,1.152,8.252,8.252,0,0,0-3.65,3.264c0.07-4.48.72-7.688,1.97-9.624a6.287,6.287,0,0,1,5.66-2.9,6.109,6.109,0,0,1,3.89,1.1,5.748,5.748,0,0,1,1.92,3.312h0Zm-5.81,8.3a6.326,6.326,0,0,1,5.02,1.944,7.6,7.6,0,0,1,1.7,5.208,7,7,0,0,1-1.75,4.992,6.223,6.223,0,0,1-4.77,1.872,7.079,7.079,0,0,1-5.31-1.944,7.218,7.218,0,0,1-1.89-5.256,6.309,6.309,0,0,1,2.04-5.064,7.347,7.347,0,0,1,4.96-1.752h0Zm52.91-14.784L1702,196.875l-11.71-26.16h-5.91v33.36h5.47V181.227l10.23,22.848h3.79l10.18-22.848v22.848h5.47v-33.36h-5.86Zm7.66,20.016a15.106,15.106,0,0,0,1.65,7.128,12.459,12.459,0,0,0,4.49,4.9,12.268,12.268,0,0,0,11.71.5,10.788,10.788,0,0,0,3.79-3.12v3.936h5.52V177.627h-5.52v3.84a10.9,10.9,0,0,0-3.72-3.048,11.507,11.507,0,0,0-5.44-1.224,12.059,12.059,0,0,0-10.83,6.48,14.68,14.68,0,0,0-1.65,7.056h0Zm21.64,0.1a9.733,9.733,0,0,1-1.12,4.776,7.924,7.924,0,0,1-2.96,3.1,7.728,7.728,0,0,1-7.84-.024,7.9,7.9,0,0,1-2.98-3.144,9.875,9.875,0,0,1-1.13-4.8,9.463,9.463,0,0,1,1.13-4.728,7.755,7.755,0,0,1,6.89-4.056,7.68,7.68,0,0,1,3.93,1.056,7.965,7.965,0,0,1,2.96,3.072,9.6,9.6,0,0,1,1.12,4.752h0Zm27.25-13.2-7.73,20.16-7.44-20.16h-6.09l10.41,26.016-5.37,12.864h5.66l16.22-38.88h-5.66Z" transform="translate(-1482.31 -73.5)"/>
</svg>
