<svg id="bd0d483f-2cd5-4bb9-8fa7-a0aafd14e3a8" data-name="Layer 1" xmlns="http://www.w3.org/2000/svg" xmlns:xlink="http://www.w3.org/1999/xlink" width="283.22" height="43.36" viewBox="0 0 283.22 43.36">
  <defs>
    <style>
      .a6db6115-bda8-4329-b497-b9fb0454c9b1 {
        fill: #090909;
      }

      .bddea72f-4171-486a-a66b-ed0bdbe06f00 {
        fill: url(#a8a30534-46db-447f-83f1-263058cc6d0a);
      }

      .e029b623-be60-432f-bc55-e0390dd43fa8 {
        fill: url(#e2f81237-d782-40cd-a5f7-3b2f6f235756);
      }

      .b63870b4-8dac-4dfe-b86d-eff86dc60401 {
        fill: url(#a3751a0d-e4e3-4fa1-ae35-3268682b2699);
      }
    </style>
    <linearGradient id="a8a30534-46db-447f-83f1-263058cc6d0a" x1="675.93" y1="402.37" x2="675.93" y2="438.73" gradientUnits="userSpaceOnUse">
      <stop offset="0" stop-color="#c7fb74"/>
      <stop offset="0.5" stop-color="#c7fb74"/>
      <stop offset="1" stop-color="#c7fb74"/>
    </linearGradient>
    <linearGradient id="e2f81237-d782-40cd-a5f7-3b2f6f235756" x1="701.66" y1="400" x2="701.66" y2="438.73" xlink:href="#a8a30534-46db-447f-83f1-263058cc6d0a"/>
    <linearGradient id="a3751a0d-e4e3-4fa1-ae35-3268682b2699" x1="731.14" y1="409.49" x2="731.14" y2="438.71" xlink:href="#a8a30534-46db-447f-83f1-263058cc6d0a"/>
  </defs>
  <rect width="86.87" height="43.05"/>
  <g>
    <path class="a6db6115-bda8-4329-b497-b9fb0454c9b1" d="M752.57,415.68v-5.1h4.56v-2.15a8.33,8.33,0,0,1,2.31-6.07q2.31-2.36,7-2.36c.68,0,1.36,0,2,.08s1.35.1,2,.13v5.7a22.85,22.85,0,0,0-2.79-.17,2.94,2.94,0,0,0-2.23.73,3.54,3.54,0,0,0-.67,2.44v1.67H770v5.1h-5.26v22.67h-7.63V415.68Z" transform="translate(-662.68 -395.68)"/>
    <path class="a6db6115-bda8-4329-b497-b9fb0454c9b1" d="M780.66,431.69a7.83,7.83,0,0,0,8.91.51,4.79,4.79,0,0,0,2-2.45h6.72q-1.62,5-4.94,7.15a14.6,14.6,0,0,1-8.06,2.15,15.8,15.8,0,0,1-5.91-1.05,12.36,12.36,0,0,1-4.46-3,13.51,13.51,0,0,1-2.82-4.62,17,17,0,0,1-1-5.91,16.18,16.18,0,0,1,1-5.8,13.71,13.71,0,0,1,2.9-4.65,13.9,13.9,0,0,1,4.48-3.09,14.46,14.46,0,0,1,5.78-1.12,13.16,13.16,0,0,1,6.18,1.37,12.34,12.34,0,0,1,4.32,3.68,15,15,0,0,1,2.44,5.26,19.76,19.76,0,0,1,.54,6.18h-20Q778.93,430,780.66,431.69Zm8.62-14.61a5.38,5.38,0,0,0-4.17-1.51,6.64,6.64,0,0,0-3,.62,5.69,5.69,0,0,0-3,3.47,8.79,8.79,0,0,0-.34,1.82h12.4A8.84,8.84,0,0,0,789.28,417.08Z" transform="translate(-662.68 -395.68)"/>
    <path class="a6db6115-bda8-4329-b497-b9fb0454c9b1" d="M808.88,431.45a4.48,4.48,0,0,0,1.32,1.45,5.68,5.68,0,0,0,1.85.83,8.31,8.31,0,0,0,3.87.08,5.94,5.94,0,0,0,1.61-.59,3.79,3.79,0,0,0,1.21-1.08,2.82,2.82,0,0,0,.48-1.69q0-1.71-2.28-2.58a46.26,46.26,0,0,0-6.37-1.71c-1.11-.25-2.19-.55-3.25-.89a11.48,11.48,0,0,1-2.82-1.34,6.61,6.61,0,0,1-2-2.1,5.85,5.85,0,0,1-.76-3.09,8.33,8.33,0,0,1,1-4.4,7.65,7.65,0,0,1,2.77-2.71,11.92,11.92,0,0,1,3.86-1.4,23.8,23.8,0,0,1,4.41-.4,21.83,21.83,0,0,1,4.38.43,11.44,11.44,0,0,1,3.78,1.45,8.73,8.73,0,0,1,2.77,2.71,9.12,9.12,0,0,1,1.31,4.27h-7.25a3.32,3.32,0,0,0-1.66-3,7.62,7.62,0,0,0-3.55-.78c-.43,0-.89,0-1.39.08a4.52,4.52,0,0,0-1.37.35,2.81,2.81,0,0,0-1,.78,2,2,0,0,0-.43,1.37,2.08,2.08,0,0,0,.75,1.66,5.86,5.86,0,0,0,2,1.05,25.52,25.52,0,0,0,2.77.73c1,.21,2.09.44,3.17.69a31.86,31.86,0,0,1,3.25.92,10.66,10.66,0,0,1,2.82,1.42,7,7,0,0,1,2,2.2,6.38,6.38,0,0,1,.76,3.25,8.47,8.47,0,0,1-4,7.57,11.71,11.71,0,0,1-4,1.59,24,24,0,0,1-4.65.46,23.22,23.22,0,0,1-4.73-.49,12.47,12.47,0,0,1-4.11-1.61,8.84,8.84,0,0,1-4.21-7.63h7.25A4.2,4.2,0,0,0,808.88,431.45Z" transform="translate(-662.68 -395.68)"/>
    <path class="a6db6115-bda8-4329-b497-b9fb0454c9b1" d="M845.7,410.58v5.1h-5.59v13.75a2.58,2.58,0,0,0,3.22,3.22,12.35,12.35,0,0,0,1.24,0,9.92,9.92,0,0,0,1.13-.16v5.91a18.65,18.65,0,0,1-2.15.21q-1.18.06-2.31.06a22.48,22.48,0,0,1-3.36-.25,7.86,7.86,0,0,1-2.79-.94,4.93,4.93,0,0,1-1.91-2,7.19,7.19,0,0,1-.69-3.39V415.68h-4.62v-5.1h4.62v-8.33h7.62v8.33Z" transform="translate(-662.68 -395.68)"/>
    <path class="a6db6115-bda8-4329-b497-b9fb0454c9b1" d="M848.7,402.28V396h7.63v6.28Zm7.63,8.3v27.77H848.7V410.58Z" transform="translate(-662.68 -395.68)"/>
    <path class="a6db6115-bda8-4329-b497-b9fb0454c9b1" d="M868.36,438.35l-9.5-27.77h8l5.85,19h.11l5.86-19h7.57l-9.4,27.77Z" transform="translate(-662.68 -395.68)"/>
    <path class="a6db6115-bda8-4329-b497-b9fb0454c9b1" d="M888.24,419.12a8.77,8.77,0,0,1,1.34-4.46,9.12,9.12,0,0,1,3-2.85,13.29,13.29,0,0,1,4.1-1.53,23.83,23.83,0,0,1,4.6-.45,32.26,32.26,0,0,1,4.24.29,12.87,12.87,0,0,1,3.92,1.16,7.7,7.7,0,0,1,2.9,2.39,6.68,6.68,0,0,1,1.13,4.05v14.45a29.79,29.79,0,0,0,.21,3.6,6.54,6.54,0,0,0,.76,2.58h-7.74a11.64,11.64,0,0,1-.35-1.32,12.21,12.21,0,0,1-.19-1.37,9.84,9.84,0,0,1-4.29,2.63,17.31,17.31,0,0,1-5,.76,13.75,13.75,0,0,1-3.71-.49,8.51,8.51,0,0,1-3-1.5,7,7,0,0,1-2-2.58,8.77,8.77,0,0,1-.72-3.71,8,8,0,0,1,.83-3.89,6.89,6.89,0,0,1,2.15-2.44,9.46,9.46,0,0,1,3-1.37,31.07,31.07,0,0,1,3.42-.73c1.14-.18,2.27-.32,3.38-.43a21.4,21.4,0,0,0,3-.48,5.23,5.23,0,0,0,2-.94,2,2,0,0,0,.7-1.8,4,4,0,0,0-.4-2,3,3,0,0,0-1.08-1.13,4.13,4.13,0,0,0-1.55-.54,12.74,12.74,0,0,0-1.91-.13,5.75,5.75,0,0,0-3.54,1,4.3,4.3,0,0,0-1.51,3.22Zm17.61,5.64a3.28,3.28,0,0,1-1.21.67,11.31,11.31,0,0,1-1.55.4c-.56.11-1.14.2-1.75.27s-1.22.16-1.83.27a14.43,14.43,0,0,0-1.69.43,4.93,4.93,0,0,0-1.45.73,3.35,3.35,0,0,0-1,1.15,3.74,3.74,0,0,0-.38,1.77,3.59,3.59,0,0,0,.38,1.72,2.85,2.85,0,0,0,1,1.1,4.34,4.34,0,0,0,1.5.57,10.43,10.43,0,0,0,1.78.16,6.67,6.67,0,0,0,3.49-.76,5,5,0,0,0,1.82-1.79,5.69,5.69,0,0,0,.73-2.13,14.24,14.24,0,0,0,.13-1.71Z" transform="translate(-662.68 -395.68)"/>
    <path class="a6db6115-bda8-4329-b497-b9fb0454c9b1" d="M926.37,396v42.35h-7.63V396Z" transform="translate(-662.68 -395.68)"/>
    <rect class="a6db6115-bda8-4329-b497-b9fb0454c9b1" x="267.93" y="36.94" width="15.29" height="5.32"/>
  </g>
  <g>
    <path class="bddea72f-4171-486a-a66b-ed0bdbe06f00" d="M684.85,410.69v5.11h-5.59v13.75a2.58,2.58,0,0,0,3.22,3.22c.43,0,.84,0,1.24,0a9.89,9.89,0,0,0,1.13-.17v5.91a18.54,18.54,0,0,1-2.15.22c-.79,0-1.56.05-2.31.05a22.51,22.51,0,0,1-3.36-.24,7.86,7.86,0,0,1-2.79-.94,5,5,0,0,1-1.91-2,7.14,7.14,0,0,1-.7-3.38V415.8H667v-5.11h4.61v-8.32h7.63v8.32Z" transform="translate(-662.68 -395.68)"/>
    <path class="e029b623-be60-432f-bc55-e0390dd43fa8" d="M696.27,400v14.59h.16a8.81,8.81,0,0,1,3.7-3.55,10,10,0,0,1,4.41-1.11,12.85,12.85,0,0,1,5,.84,7.37,7.37,0,0,1,3.09,2.33,9,9,0,0,1,1.58,3.63,22.45,22.45,0,0,1,.46,4.75v17.25h-7.63V422.89a10,10,0,0,0-1.07-5.18,4.16,4.16,0,0,0-3.82-1.71,5.28,5.28,0,0,0-4.51,1.87q-1.39,1.88-1.39,6.16v14.7h-7.63V400Z" transform="translate(-662.68 -395.68)"/>
    <path class="b63870b4-8dac-4dfe-b86d-eff86dc60401" d="M726.79,431.35a7.8,7.8,0,0,0,8.92.51,4.78,4.78,0,0,0,2-2.44h6.71q-1.61,5-4.94,7.14a14.54,14.54,0,0,1-8,2.15,15.8,15.8,0,0,1-5.91-1,12.28,12.28,0,0,1-4.46-3,13.36,13.36,0,0,1-2.82-4.62,17,17,0,0,1-1-5.91,16.22,16.22,0,0,1,1-5.8,13.42,13.42,0,0,1,2.9-4.64,13.6,13.6,0,0,1,4.48-3.09,14.43,14.43,0,0,1,5.78-1.13,13.21,13.21,0,0,1,6.17,1.37,12.29,12.29,0,0,1,4.33,3.68,15,15,0,0,1,2.44,5.26A19.76,19.76,0,0,1,745,426h-20Q725.08,429.68,726.79,431.35Zm8.62-14.61a5.36,5.36,0,0,0-4.16-1.5,6.62,6.62,0,0,0-3,.61,5.94,5.94,0,0,0-1.94,1.54,5.72,5.72,0,0,0-1,1.93,9.54,9.54,0,0,0-.35,1.83h12.41A8.76,8.76,0,0,0,735.41,416.74Z" transform="translate(-662.68 -395.68)"/>
  </g>
</svg>
